latitude: 37.349055
longitude: -121.939075
size_x_m: 552
size_y_m: 419
